#NUMBER OF AGES= 1 MAGS=10
#----------------------------------------------------       
#MIX-LEN  Y      Z          Zeff        [Fe/H] [a/Fe]
# 1.9380  0.2696 1.6115E-02 1.6115E-02   0.00   0.00 
#----------------------------------------------------       
#**PHOTOMETRIC SYSTEM**: Bessell UBV(RI)c + 2MASS JHKs + Kepler (Vega)
#----------------------------------------------------       
#AGE= 2.000 EEPS=267
#EEP   M/Mo    LogTeff  LogG   LogL/Lo U       B       V       R       I       J       H       Ks      Kp      D51
   5  0.115383  3.5068  5.2523 -2.7714 16.9178 15.3606 13.7464 12.6396 11.1893  9.7765  9.2342  8.9933 12.5937 14.4173
   6  0.133536  3.5069  5.1874 -2.6428 16.5464 15.0235 13.4223 12.3175 10.8702  9.4551  8.9143  8.6719 12.2726 14.0830
   7  0.167255  3.5095  5.1092 -2.4564 15.9568 14.4909 12.9150 11.8239 10.3981  8.9955  8.4554  8.2130 11.7872 13.5606
   8  0.219701  3.5182  5.0473 -2.2416 15.1801 13.7882 12.2557 11.2006  9.8360  8.4801  7.9356  7.6983 11.1878 12.8835
   9  0.274053  3.5261  5.0013 -2.0679 14.5582 13.2161 11.7185 10.6935  9.3809  8.0659  7.5150  7.2828 10.6999 12.3340
  10  0.301214  3.5297  4.9797 -1.9905 14.2886 12.9643 11.4817 10.4694  9.1791  7.8818  7.3270  7.0972 10.4837 12.0927
  11  0.310202  3.5309  4.9705 -1.9639 14.1980 12.8793 11.4015 10.3932  9.1100  7.8183  7.2621  7.0330 10.4098 12.0110
  12  0.315397  3.5315  4.9633 -1.9470 14.1426 12.8273 11.3525 10.3462  9.0666  7.7776  7.2206  6.9919 10.3641 11.9609
  13  0.318923  3.5320  4.9572 -1.9342 14.1006 12.7880 11.3155 10.3108  9.0338  7.7467  7.1890  6.9606 10.3296 11.9231
  14  0.321561  3.5322  4.9516 -1.9241 14.0697 12.7591 11.2882 10.2841  9.0083  7.7220  7.1639  6.9356 10.3033 11.8950
  15  0.323187  3.5324  4.9478 -1.9172 14.0477 12.7386 11.2688 10.2654  8.9909  7.7054  7.1471  6.9188 10.2850 11.8751
  16  0.324794  3.5326  4.9445 -1.9110 14.0278 12.7199 11.2511 10.2483  8.9750  7.6902  7.1316  6.9035 10.2683 11.8571
  17  0.326116  3.5328  4.9417 -1.9056 14.0110 12.7041 11.2361 10.2337  8.9614  7.6773  7.1186  6.8906 10.2541 11.8417
  18  0.327698  3.5329  4.9388 -1.8996 13.9924 12.6869 11.2194 10.2175  8.9465  7.6628  7.1043  6.8761 10.2382 11.8249
  19  0.331068  3.5331  4.9350 -1.8897 13.9606 12.6573 11.1912 10.1900  8.9214  7.6387  7.0805  6.8524 10.2115 11.7961
  20  0.442230  3.5520  4.8472 -1.6023 12.9622 11.6915 10.2788  9.3314  8.1677  6.9715  6.3841  6.1660  9.3887 10.8782
  21  0.460020  3.5559  4.8294 -1.5520 12.7915 11.5197 10.1138  9.1755  8.0344  6.8571  6.2636  6.0473  9.2404 10.7155
  22  0.476080  3.5597  4.8132 -1.5055 12.6328 11.3593  9.9594  9.0300  7.9124  6.7525  6.1529  5.9388  9.1028 10.5634
  23  0.490584  3.5635  4.7988 -1.4630 12.4862 11.2096  9.8147  8.8945  7.8019  6.6575  6.0520  5.8403  8.9754 10.4212
  24  0.503423  3.5670  4.7865 -1.4251 12.3539 11.0730  9.6823  8.7710  7.7030  6.5733  5.9621  5.7532  8.8598 10.2916
  25  0.513716  3.5702  4.7768 -1.3941 12.2453 10.9601  9.5724  8.6686  7.6225  6.5052  5.8893  5.6831  8.7644 10.1846
  26  0.523119  3.5732  4.7681 -1.3655 12.1455 10.8554  9.4705  8.5734  7.5480  6.4427  5.8223  5.6189  8.6757 10.0857
  27  0.533368  3.5765  4.7590 -1.3344 12.0368 10.7400  9.3578  8.4682  7.4666  6.3750  5.7495  5.5498  8.5780  9.9770
  28  0.546584  3.5810  4.7476 -1.2944 11.8980 10.5910  9.2118  8.3317  7.3621  6.2887  5.6563  5.4618  8.4514  9.8370
  29  0.563319  3.5871  4.7334 -1.2433 11.7178 10.3970  9.0202  8.1524  7.2286  6.1796  5.5383  5.3514  8.2860  9.6541
  30  0.581799  3.5940  4.7184 -1.1861 11.5191 10.1784  8.8075  7.9540  7.0799  6.0573  5.4058  5.2295  8.1018  9.4527
  31  0.599896  3.6013  4.7047 -1.1302 11.3297  9.9636  8.6053  7.7669  6.9348  5.9354  5.2750  5.1111  7.9252  9.2629
  32  0.604004  3.6030  4.6977 -1.1111 11.3204  9.9051  8.5399  7.7009  6.8883  5.8901  5.2071  5.0504  7.8679  9.2254
  33  0.631177  3.6153  4.6818 -1.0277 11.0161  9.5616  8.2188  7.4065  6.6719  5.7131  5.0260  4.8879  7.5909  8.9218
  34  0.670325  3.6337  4.6630 -0.9095 10.4858  9.0397  7.7562  6.9939  6.3624  5.4679  4.7971  4.6836  7.1937  8.4450
  35  0.852564  3.7132  4.5925 -0.4194  7.6384  6.9181  6.0022  5.5120  5.0983  4.4954  4.0518  3.9958  5.6765  6.3047
  36  0.867511  3.7193  4.5853 -0.3802  7.4201  6.7633  5.8763  5.4043  5.0025  4.4195  3.9919  3.9395  5.5648  6.1569
  37  0.883653  3.7256  4.5774 -0.3384  7.1879  6.6022  5.7447  5.2908  4.9003  4.3393  3.9298  3.8797  5.4471  6.0019
  38  0.901453  3.7326  4.5682 -0.2927  6.9387  6.4305  5.6041  5.1685  4.7895  4.2519  3.8620  3.8137  5.3203  5.8385
  39  0.926517  3.7418  4.5544 -0.2288  6.6158  6.2012  5.4182  5.0041  4.6399  4.1309  3.7645  3.7200  5.1499  5.6310
  40  0.941170  3.7465  4.5452 -0.1943  6.4523  6.0809  5.3200  4.9166  4.5598  4.0645  3.7089  3.6664  5.0593  5.5234
  41  0.954373  3.7506  4.5365 -0.1634  6.3084  5.9748  5.2330  4.8388  4.4882  4.0050  3.6586  3.6177  4.9787  5.4285
  42  0.967371  3.7544  4.5276 -0.1333  6.1710  5.8720  5.1488  4.7630  4.4185  3.9464  3.6088  3.5697  4.9004  5.3370
  43  0.980660  3.7582  4.5181 -0.1025  6.0354  5.7690  5.0641  4.6866  4.3479  3.8869  3.5577  3.5201  4.8213  5.2456
  44  0.994568  3.7621  4.5078 -0.0706  5.8982  5.6637  4.9772  4.6077  4.2749  3.8247  3.5040  3.4679  4.7398  5.1520
  45  1.009216  3.7660  4.4966 -0.0373  5.7589  5.5554  4.8871  4.5258  4.1991  3.7597  3.4473  3.4126  4.6553  5.0555
  46  1.023670  3.7697  4.4850 -0.0047  5.6264  5.4505  4.7995  4.4459  4.1248  3.6954  3.3911  3.3577  4.5728  4.9622
  47  1.033196  3.7722  4.4768  0.0172  5.5432  5.3823  4.7421  4.3930  4.0755  3.6523  3.3530  3.3203  4.5183  4.9018
  48  1.048361  3.7758  4.4640  0.0509  5.4122  5.2763  4.6526  4.3108  3.9990  3.5852  3.2936  3.2621  4.4337  4.8071
  49  1.051111  3.7771  4.4611  0.0609  5.3716  5.2439  4.6264  4.2873  3.9776  3.5672  3.2783  3.2475  4.4093  4.7793
  50  1.062383  3.7802  4.4510  0.0882  5.2629  5.1553  4.5547  4.2218  3.9171  3.5149  3.2322  3.2027  4.3415  4.7027
  51  1.075607  3.7835  4.4395  0.1185  5.1444  5.0577  4.4758  4.1496  3.8500  3.4564  3.1805  3.1520  4.2667  4.6189
  52  1.080529  3.7846  4.4349  0.1297  5.1030  5.0231  4.4472  4.1229  3.8248  3.4341  3.1606  3.1324  4.2392  4.5887
  53  1.084907  3.7857  4.4307  0.1398  5.0671  4.9934  4.4214  4.0984  3.8014  3.4132  3.1419  3.1136  4.2142  4.5617
  54  1.088925  3.7866  4.4267  0.1493  5.0349  4.9668  4.3973  4.0752  3.7788  3.3927  3.1235  3.0949  4.1907  4.5368
  55  1.093093  3.7876  4.4226  0.1591  5.0023  4.9400  4.3724  4.0513  3.7555  3.3717  3.1046  3.0756  4.1665  4.5112
  56  1.098091  3.7888  4.4180  0.1703  4.9650  4.9093  4.3438  4.0235  3.7282  3.3472  3.0826  3.0531  4.1384  4.4816
  57  1.106038  3.7906  4.4115  0.1871  4.9104  4.8642  4.3009  3.9819  3.6876  3.3105  3.0498  3.0194  4.0965  4.4375
  58  1.198464  3.8077  4.3271  0.3737  4.2958  4.3176  3.8181  3.5294  3.2608  2.9244  2.6975  2.6697  3.6333  3.9362
  59  1.206933  3.8089  4.3188  0.3901  4.2454  4.2704  3.7762  3.4901  3.2235  2.8901  2.6655  2.6381  3.5931  3.8930
  60  1.333320  3.8247  4.2066  0.6076  3.5975  3.6499  3.2200  2.9650  2.7264  2.4294  2.2362  2.2120  3.0564  3.3201
  61  1.350575  3.8259  4.1865  0.6379  3.5156  3.5672  3.1427  2.8906  2.6547  2.3605  2.1700  2.1461  2.9808  3.2414
  62  1.363258  3.8267  4.1720  0.6598  3.4570  3.5078  3.0869  2.8369  2.6030  2.3108  2.1222  2.0985  2.9265  3.1847
  63  1.374521  3.8274  4.1602  0.6781  3.4081  3.4580  3.0405  2.7924  2.5603  2.2697  2.0827  2.0594  2.8813  3.1375
  64  1.383466  3.8280  4.1508  0.6922  3.3704  3.4195  3.0044  2.7576  2.5266  2.2374  2.0516  2.0283  2.8459  3.1006
  65  1.391065  3.8283  4.1424  0.7044  3.3388  3.3872  2.9736  2.7277  2.4977  2.2092  2.0242  2.0011  2.8157  3.0695
  66  1.398185  3.8286  4.1344  0.7156  3.3095  3.3573  2.9450  2.6998  2.4705  2.1826  1.9982  1.9751  2.7876  3.0405
  67  1.405100  3.8287  4.1264  0.7266  3.2816  3.3285  2.9173  2.6728  2.4440  2.1566  1.9728  1.9498  2.7602  3.0125
  68  1.412271  3.8289  4.1181  0.7378  3.2531  3.2991  2.8889  2.6450  2.4168  2.1298  1.9464  1.9235  2.7323  2.9840
  69  1.420212  3.8291  4.1091  0.7500  3.2219  3.2671  2.8581  2.6147  2.3872  2.1007  1.9179  1.8951  2.7018  2.9528
  70  1.428617  3.8292  4.0995  0.7628  3.1894  3.2335  2.8256  2.5830  2.3560  2.0699  1.8876  1.8647  2.6698  2.9200
  71  1.437253  3.8294  4.0895  0.7759  3.1564  3.1995  2.7925  2.5503  2.3239  2.0381  1.8563  1.8335  2.6370  2.8867
